,ccr,no_loss_default,loss_default
0,0.5,0.9568,0.982
1,0.6052631578947368,0.891,0.9574
2,0.7105263157894737,0.7942,0.9146
3,0.8157894736842105,0.6588,0.8592
4,0.9210526315789473,0.538,0.7888
5,1.026315789473684,0.401,0.7196
6,1.131578947368421,0.2946,0.6532
7,1.236842105263158,0.2176,0.5928
8,1.3421052631578947,0.1472,0.5092
9,1.4473684210526314,0.1064,0.4516
10,1.5526315789473684,0.067,0.4094
11,1.6578947368421053,0.0452,0.3448
12,1.763157894736842,0.0296,0.3202
13,1.8684210526315788,0.018,0.2712
14,1.9736842105263157,0.0096,0.248
15,2.0789473684210527,0.0066,0.219
16,2.1842105263157894,0.004,0.1786
17,2.289473684210526,0.0018,0.1654
18,2.394736842105263,0.0006,0.1478
19,2.5,0.001,0.131
